[Setting_helper]
path_db = /home/valyak/Рабочий стол/base.db
path_helper = /home/valyak/PycharmProjects/Helper/
[Helper_export]
path_export = /home/valyak/PycharmProjects/Helper/Export_files
[User]
checkBox_all_Branch = True
checkBox_all_Department = True
checkBox_all_System = True
checkBox_all_Szi = True
checked_item_Branch = 1, 2, 3
checked_item_Department = 5, 2, 6, 1, 4, 3, 10, 9, 8, 13, 11, 7, 12, 15, 14
checked_item_System = 3, 1, 20, 16, 11, 26, 13, 8, 2, 23, 4, 9, 5, 10, 7, 14, 12, 15, 18, 6, 19, 22, 17, 25
checked_item_Szi = 39, 38, 40, 37, 35, 31, 25, 26, 27, 36, 32, 8, 19, 16, 15, 1, 20, 4, 3, 2, 13, 18, 23, 5, 34, 9, 10, 11, 29, 41, 33, 28, 6, 17, 21, 12, 14, 22, 24, 7, 30
checkB_statusOn = True
checkB_statusOff = False
current_indexPage = 3
defolt_branch = ""
defolt_department = ""
[Usb]
checkBox_all_Branch = True
checkBox_all_Department = True
checkBox_all_User = True
checkBox_all_ServiceDepartment = True
checkBox_all_UsbType = True
checked_item_Branch = 1, 2, 3
checked_item_Department = 5, 2, 6, 1, 4, 3, 10, 9, 8, 13, 11, 7, 12, 15, 14
checked_item_User = 0, 912393, 906516, 901847, 902019, 901722, 905563, 911788, 900834, 910627, 907074, 901288, 911755, 912786, 901161, 901515, 900958, 906695, 911376, 900955, 910814, 902022, 904603, 910792, 904363, 911246, 901423, 906587, 906677, 912725, 911833, 903762, 913821, 911572, 909973, 912907, 901368, 903573, 910216, 901587, 903487, 901586, 909959, 911564, 912974, 903510, 903946, 910904, 909472, 901908, 903737, 902216, 900878, 901760, 903132, 911574, 909341, 901150, 911487, 910057, 910888, 901412, 906024, 906196, 905721, 903895, 904349, 910023, 905670, 901079, 901825, 909326, 901787, 903063, 906867, 904512, 905859, 909761, 902171, 902017, 903661, 904516, 911742, 905727, 903386, 904325, 900956, 905640, 901522, 905561, 902003, 901071, 900953, 900960, 912627, 905717, 904520, 907063, 903558, 904596, 913299, 911939, 901005, 905720, 909565, 911236, 902029, 902842, 903904, 903889, 911985, 910009, 901736, 901294, 909618, 901410, 902025, 901472, 901588, 910703, 913371, 903094, 912657, 900961, 901432, 905629, 901142, 905273, 901160, 911715, 900813, 905687, 906947, 911843, 900954, 901945, 903581, 903595, 900962, 911787, 903553, 905715, 901732, 909971, 912742, 901844, 902034, 901061, 905980, 902026, 902072, 901828, 913146, 903555, 906756, 912869, 906703, 910795, 912046, 901789, 909616, 904288, 901797, 901750, 901566, 901579, 911629, 902098, 905547, 905570, 910710, 901719, 901583, 912360
checked_item_ServiceDepartment = 2, 1, 3
checked_item_UsbType = 1, 2, 3, 4
checkB_statusOn = True
checkB_statusOff = True
current_indexPage = 4
defolt_branch = ""
defolt_department = ""
[Equipment]
checkBox_all_Branch = True
checkBox_all_Department = True
checkBox_all_ServiceDepartment = True
checked_item_Branch = 1, 2, 3
checked_item_Department = 5, 2, 6, 1, 4, 3, 10, 9, 8, 13, 11, 7, 12, 15, 14
checked_item_ServiceDepartment = 2, 1, 3
checkB_statusOn = True
checkB_statusOff = True
current_indexPage = 2
defolt_branch = ""
defolt_department = ""
[Skr]
checkBox_all_Branch = True
checkBox_all_Department = True
checkBox_all_ServiceDepartment = False
checked_item_Branch = 1, 2, 3
checked_item_Department = 5, 2, 6, 1, 4, 3, 10, 9, 8, 13, 11, 7, 12, 15, 14
checked_item_ServiceDepartment = 2,
checkB_statusOn = True
checkB_statusOff = True
current_indexPage = 2
defolt_branch = ""
defolt_department = ""
[Szi]
checkBox_all_Branch = True
checkBox_all_Department = True
checkBox_all_Szi = True
checkBox_all_User = True
checkBox_all_Equipment = True
checkBox_all_ServiceDepartment = False
checked_item_Branch = 1, 2, 3
checked_item_Department = 5, 2, 6, 1, 4, 3, 10, 9, 8, 13, 11, 7, 12, 15, 14
checked_item_Szi = 39, 38, 40, 37, 35, 31, 25, 26, 27, 36, 32, 8, 19, 16, 15, 1, 20, 4, 3, 2, 13, 18, 23, 5, 34, 9, 10, 11, 29, 41, 30, 33, 28, 6, 17, 21, 12, 14, 22, 24, 7
checked_item_User = 912393, 906516, 901847, 902019, 901722, 905563, 911788, 900834, 910627, 907074, 901288, 911755, 912786, 901161, 901515, 900958, 906695, 911376, 900955, 910814, 902022, 904603, 910792, 904363, 911246, 901423, 906587, 906677, 912725, 911833, 903762, 913821, 911572, 909973, 912907, 901368, 903573, 910216, 901587, 903487, 901586, 909959, 911564, 912974, 903510, 903946, 910904, 909472, 901908, 903737, 902216, 900878, 901760, 903132, 911574, 909341, 901150, 911487, 910057, 910888, 901412, 906024, 906196, 905721, 903895, 904349, 910023, 905670, 901079, 901825, 909326, 901787, 903063, 906867, 904512, 905859, 909761, 902171, 902017, 903661, 904516, 911742, 905727, 903386, 904325, 900956, 905640, 901522, 905561, 902003, 901071, 900953, 900960, 912627, 905717, 904520, 907063, 903558, 904596, 913299, 911939, 901005, 905720, 909565, 911236, 902029, 902842, 903904, 903889, 911985, 910009, 901736, 901294, 909618, 901410, 902025, 901472, 901588, 910703, 913371, 903094, 912657, 900961, 901432, 905629, 901142, 905273, 901160, 911715, 900813, 905687, 906947, 911843, 900954, 901945, 903581, 903595, 900962, 911787, 903553, 905715, 901732, 909971, 912742, 901844, 902034, 901061, 905980, 902026, 902072, 901828, 913146, 903555, 906756, 912869, 906703, 910795, 912046, 901789, 909616, 904288, 901797, 901750, 901566, 901579, 911629, 902098, 905547, 905570, 910710, 901719, 901583, 912360
checked_item_Equipment = 135, 125, 6, 7, 8, 9, 10, 11, 12, 13, 1, 2, 3, 4, 5, 149, 121, 14, 15, 16, 17, 120, 18, 19, 20, 21, 22, 23, 24, 25, 94, 95, 119, 72, 151, 73, 74, 75, 76, 64, 65, 66, 67, 68, 80, 78, 79, 152, 47, 42, 41, 52, 40, 51, 48, 38, 43, 49, 36, 39, 44, 57, 50, 46, 85, 77, 58, 53, 54, 45, 56, 37, 55, 62, 59, 60, 61, 63, 69, 70, 71, 26, 35, 27, 28, 29, 30, 31, 32, 33, 34, 123, 84, 128, 99, 107, 129, 130, 113, 102, 106, 100, 97, 103, 116, 117, 96, 112, 114, 98, 110, 126, 81, 145, 82, 83, 138, 148, 139, 142, 144, 147, 137, 143, 141, 104, 133, 140, 134, 131, 111, 118, 108, 86, 87, 88, 132, 89, 90, 92, 91, 109, 127, 101, 115, 105, 150, 157, 155, 156, 153, 146, 136, 154, 122, 124, 93
checked_item_ServiceDepartment = 2,
checkB_statusOn = True
checkB_statusOff = True
current_indexPage = 4
defolt_branch = ""
defolt_department = ""
